%%常量定义
m_0=23000;
dm=100;
J_2=1.08263e-3;
a_0_phi=0.5;
a_0_psi=0.5;
P_0=3e5;
m_z_alpha=-0.12*180/pi;
omega_e=7.29e5;
L=15;
m_zCy=0.1;
rho_e=7;
x_g=8;
S_e=0.1;
S_M=3.14;
phi_0=deg2rad(19+19/60);
lambda_0=deg2rad(109+48/60);

%%